2.09731 1.79541 0 
1.30183 1.55687 0 
-0.216998 0.892396 0 
-0.131479 1.16995 0 
-0.140127 0.392898 0 
0.994293 1.34541 0 
0.752345 1.2318 0 
1.14566 1.37143 0 
0.294124 1.21996 0 
0.713016 0.118836 0 
1.8805 0.443031 0 
-0.111695 0.241866 0 
0.895189 1.56201 0 
2.21362 1.79895 0 
2.28832 1.86296 0 
1.58267 1.63695 0 
0.070347 0.970827 0 
1.57483 1.62379 0 
0.192493 1.20215 0 
1.7192 1.66652 0 
-0.178045 0.906377 0 
-0.182954 0.902627 0 
-0.0952947 0.927729 0 
-0.266283 0.893826 0 
-0.271996 0.892902 0 
-0.344334 0.880778 0 
-0.326094 0.866144 0 
-0.331069 0.862844 0 
0.614802 1.21045 0 
0.465889 1.35915 0 
0.634854 1.5003 0 
0.0158889 1.22755 0 
0.407325 1.07237 0 
0.344851 1.06523 0 
0.291401 1.26326 0 
0.545895 1.41498 0 
0.534818 1.40357 0 
0.32982 1.30569 0 
0.415349 1.41755 0 
0.491776 1.41745 0 
0.630356 1.19978 0 
0.611812 1.19115 0 
-0.25327 0.880843 0 
-0.315338 0.923937 0 
-0.171868 0.906987 0 
-0.510239 0.558564 0 
2.15049 1.80499 0 
1.60812 1.57673 0 
1.66737 1.65185 0 
1.80456 1.66327 0 
2.43011 1.88846 0 
0.823265 1.26601 0 
1.54229 0.523659 0 
1.32396 1.54387 0 
0.719615 1.23746 0 
0.698918 1.24142 0 
0.916633 1.30438 0 
0.823157 1.50128 0 
2.24014 1.80798 0 
2.04028 1.75668 0 
-0.0482749 1.12304 0 
-0.170854 0.921543 0 
0.47541 1.22117 0 
0.0493914 1.15024 0 
0.0651793 1.21131 0 
0.307667 1.27865 0 
0.487635 1.17172 0 
0.482948 1.15671 0 
0.463352 1.09667 0 
0.247234 1.11482 0 
0.561447 1.19921 0 
-0.0480542 0.928053 0 
-0.116809 0.226623 0 
-0.704438 -0.292112 0 
2.42304 -0.152737 0 
-0.841361 0.135822 0 
-0.983625 0.600234 0 
-0.137446 0.289686 0 
-0.86773 0.133483 0 
-0.446663 0.639016 0 
1.4211 -0.347805 0 
2.44333 -0.263944 0 
0.928857 0.88329 0 
0.32805 0.137365 0 
-0.577165 -0.111659 0 
-0.892226 0.205446 0 
2.64721 0.500984 0 
2.80692 0.402401 0 
2.92096 1.13766 0 
-0.0792649 0.0462316 0 
1.40932 0.247883 0 
-0.879381 0.152462 0 
-0.559777 -0.0789358 0 
-0.850649 0.171244 0 
0.462557 0.690582 0 
2.00314 0.331218 0 
2.26632 -0.413702 0 
1.44127 0.968367 0 
2.83038 1.09283 0 
1.65818 0.435369 0 
0.403728 0.684758 0 
0.349742 0.871089 0 
-0.555638 -0.136278 0 
-0.214868 0.254575 0 
1.56038 1.01892 0 
-0.256628 0.622618 0 
0.955935 0.895059 0 
0.919603 0.9073 0 
-0.890927 0.135945 0 
-0.920414 0.585046 0 
-0.845088 0.321369 0 
-0.807289 0.547262 0 
2.63402 0.403725 0 
2.96562 0.970379 0 
2.27269 -0.570742 0 
-0.888798 0.443243 0 
-0.953261 0.586068 0 
-0.882941 0.55889 0 
-0.845073 0.182236 0 
2.57439 1.34811 0 
-0.126837 0.370941 0 
2.98464 1.18514 0 
-0.867763 0.147315 0 
2.36588 -0.199048 0 
-0.453275 0.933551 0 
2.72369 0.395007 0 
-0.116932 0.222372 0 
2.92801 1.10894 0 
0.000587059 0.66314 0 
-0.213897 0.260392 0 
2.14474 -0.64263 0 
0.923541 0.918525 0 
0.498731 0.790762 0 
0.526981 0.782297 0 
0.969997 0.901909 0 
-0.650177 -0.527653 0 
-0.120963 0.295446 0 
0.965613 0.89278 0 
0.897401 0.809242 0 
2.03099 0.618017 0 
2.05343 -0.742366 0 
1.69937 0.552798 0 
-1.00004 0.570083 0 
-0.846435 0.144654 0 
-0.49245 -0.131795 0 
0.330424 0.137477 0 
2.11444 0.358947 0 
-0.845432 0.187441 0 
-0.557573 -0.130128 0 
2.98502 1.14 0 
-0.21201 0.253697 0 
2.24361 -0.622488 0 
-0.512904 -0.133178 0 
-0.152712 0.445907 0 
-0.944531 0.559444 0 
-0.979258 0.551687 0 
-0.635073 0.643547 0 
-0.921208 0.575988 0 
-0.881135 0.573146 0 
-0.54079 -0.0551238 0 
-0.681241 -0.427148 0 
0.604817 0.865409 0 
1.00633 1.00101 0 
0.498085 0.91238 0 
2.58564 0.21046 0 
2.43462 -0.516132 0 
0.0591071 0.543184 0 
0.48509 0.768188 0 
2.06295 0.602793 0 
-0.193769 -0.341367 0 
-0.836858 0.140787 0 
1.4807 0.994017 0 
2.24263 -0.564326 0 
2.37275 -0.229218 0 
1.70814 0.568056 0 
0.0154564 0.778041 0 
0.351406 -0.185119 0 
-0.85244 0.150706 0 
-0.860803 0.158712 0 
-0.130942 0.275608 0 
0.257628 0.801159 0 
1.23081 1.21642 0 
1.92956 0.420826 0 
0.492708 0.848195 0 
-0.99747 0.62492 0 
-0.881901 0.572429 0 
-0.897256 0.604837 0 
-0.92915 0.584632 0 
-0.537542 -0.139647 0 
2.19803 -0.536988 0 
-0.117902 0.269153 0 
0.350693 0.0858356 0 
-0.743918 0.569564 0 
-0.522521 -0.153065 0 
0.208321 1.55051 0 
-0.854842 0.132907 0 
-0.998631 0.576908 0 
-0.838558 0.127645 0 
-0.884048 0.167725 0 
-0.947396 0.579091 0 
-0.979946 0.545439 0 
-0.925089 0.583324 0 
-0.966084 0.560909 0 
-0.880697 0.557459 0 
-0.970469 0.561532 0 
-0.876815 0.549387 0 
1.47571 1.28616 0 
-0.867002 0.158245 0 
-0.852876 0.148107 0 
-0.64545 -0.523547 0 
-0.84856 0.137456 0 
-0.923725 0.579016 0 
-0.664348 0.58876 0 
-0.90771 0.552423 0 
-0.890616 0.593147 0 
-0.648899 0.579385 0 
-0.546515 -0.0836122 0 
-0.992257 0.594641 0 
-0.126876 0.27285 0 
-0.845752 0.154114 0 
0.34846 0.0867466 0 
-0.960018 0.545437 0 
-0.855614 0.348352 0 
-1.00063 0.57808 0 
-0.631163 0.632606 0 
-0.487254 -0.126946 0 
2.43301 -0.617298 0 
2.53 0.015914 0 
1.37151 -0.524114 0 
-0.558461 -0.154625 0 
-0.918729 0.570449 0 
2.04284 0.348891 0 
2.24245 -0.545696 0 
2.28005 -0.577126 0 
-0.543661 -0.13055 0 
2.95883 1.15226 0 
3.44627 1.35406 0 
-0.705465 0.674055 0 
2.74629 0.173478 0 
-0.978695 0.5681 0 
-0.968715 0.556255 0 
-0.637776 -0.513946 0 
-0.696275 0.627397 0 
1.52987 0.388156 0 
2.05714 0.717875 0 
-0.565981 -0.145278 0 
-0.886718 0.500967 0 
-0.741327 0.569854 0 
-0.959114 0.541276 0 
-0.38362 -0.284172 0 
-0.510574 -0.131666 0 
-0.747552 0.580576 0 
-0.154935 0.641314 0 
-0.482307 -0.10249 0 
-0.665677 -0.40338 0 
-0.136478 0.362363 0 
2.21267 -0.731073 0 
2.22527 -0.614082 0 
2.26509 -0.643301 0 
0.0886822 0.884277 0 
1.52523 0.254702 0 
0.901094 0.809943 0 
0.48743 0.767593 0 
-0.846812 0.150854 0 
-0.471418 -0.133675 0 
2.71918 0.514839 0 
-0.229481 0.432154 0 
0.324305 -0.190037 0 
-0.580324 -0.108498 0 
2.73785 0.633165 0 
0.923308 0.918491 0 
0.435412 0.665273 0 
1.70875 0.566888 0 
-0.84563 0.174582 0 
-1.02784 0.611825 0 
-0.952919 0.571724 0 
2.39511 -0.118279 0 
1.77662 0.601297 0 
2.47801 1.51009 0 
1.65605 0.554007 0 
1.50127 0.367164 0 
1.52629 0.264595 0 
-0.979747 0.547643 0 
-0.920888 0.169287 0 
-0.972191 0.534886 0 
2.12533 0.653777 0 
2.56605 0.210843 0 
2.25426 0.341211 0 
-0.870809 0.163187 0 
-0.978115 0.565727 0 
-0.00106388 -0.571105 0 
-0.371837 -0.251329 0 
1.45664 -0.599256 0 
-0.00304148 -0.576719 0 
2.58504 0.197761 0 
0.939482 0.899538 0 
2.74793 0.579198 0 
2.75621 0.605994 0 
2.68509 0.426933 0 
2.49759 0.152142 0 
-0.651533 -0.528225 0 
-0.848863 0.160879 0 
-0.646699 -0.524617 0 
-0.849417 0.19298 0 
-0.64752 -0.524897 0 
2.77644 0.621036 0 
-0.556875 -0.0579061 0 
-0.499546 -0.13273 0 
-0.671961 0.545298 0 
-0.541806 -0.0564331 0 
2.44971 0.143892 0 
1.41764 -0.508291 0 
-0.102568 0.259629 0 
-0.564989 -0.104989 0 
-0.96981 0.550884 0 
-0.992111 0.550551 0 
-0.116201 0.276208 0 
2.47379 0.134846 0 
2.75775 0.562413 0 
1.6778 0.538648 0 
2.27543 -0.577558 0 
2.07897 1.31319 0 
1.72363 0.527731 0 
-0.758309 0.587176 0 
-0.226572 -0.299872 0 
-0.533364 -0.124353 0 
1.09854 -0.636507 0 
1.6777 -0.362014 0 
0.477663 0.912853 0 
0.472993 0.840748 0 
1.0077 0.989003 0 
2.57786 0.248993 0 
-0.846987 0.174498 0 
-0.988811 0.581857 0 
-0.508083 -0.133695 0 
-0.114089 0.268357 0 
1.91885 0.652279 0 
-0.855092 0.152807 0 
-0.975132 0.584351 0 
1.01098 1.00774 0 
1.06129 1.09143 0 
1.00241 0.995099 0 
1.03389 1.05105 0 
1.0854 1.13897 0 
2.83308 0.798055 0 
-0.84316 0.122403 0 
-0.981014 0.556252 0 
-0.868396 0.165323 0 
2.62339 0.184402 0 
-0.578542 -0.121184 0 
0.491288 0.880468 0 
0.551127 1.31148 0 
2.39493 0.13079 0 
1.83742 0.609344 0 
2.36417 -0.275614 0 
2.64395 0.169886 0 
2.48845 0.0562402 0 
-0.650913 -0.0673755 0 
-0.765582 -0.00941625 0 
-0.555543 -0.0566802 0 
-0.63852 -0.513667 0 
-0.849369 0.177482 0 
2.22592 0.591674 0 
2.15862 0.432727 0 
-0.169829 0.343734 0 
2.28623 0.588266 0 
-0.122931 0.445679 0 
-0.755638 -0.0342541 0 
-0.159785 0.293091 0 
-0.543272 -0.109452 0 
-0.769775 0.00815084 0 
0.158626 0.955237 0 
1.41693 -0.344834 0 
-0.845667 0.134482 0 
2.18642 -0.805908 0 
0.822229 -0.182021 0 
1.62011 -0.360031 0 
-0.4995 -0.0873699 0 
-0.225584 -0.294832 0 
0.75648 0.0689831 0 
-0.111557 0.361499 0 
2.24194 -0.516378 0 
-0.975288 0.570316 0 
-0.554426 -0.0882763 0 
0.0516595 -0.511876 0 
0.0649272 -0.597467 0 
-0.171957 0.236687 0 
-0.845527 0.16515 0 
-0.852719 0.147724 0 
0.703914 0.798259 0 
-0.371426 0.641438 0 
-0.863431 0.195526 0 
-0.855777 0.177859 0 
-0.983409 0.581862 0 
-0.874311 0.145498 0 
-0.742088 -0.0845234 0 
2.14573 -0.105269 0 
3.12392 -1.12472 0 
-1.0574 0.725347 0 
0.543833 0.699642 0 
-0.877234 0.158789 0 
-0.119087 0.446582 0 
-0.893634 0.139589 0 
-0.76586 -0.000131239 0 
-0.726265 -0.144163 0 
-0.705905 -0.209603 0 
-0.549181 -0.104953 0 
-0.5812 -0.112299 0 
-0.36086 -0.355777 0 
-0.16385 0.328572 0 
-0.111111 0.335803 0 
1.445 -0.346713 0 
1.77427 0.2568 0 
1.80817 0.529389 0 
1.30031 -0.348671 0 
-0.687226 -0.305819 0 
2.09585 -0.273097 0 
0.999559 -0.62487 0 
0.124459 -0.589926 0 
-0.163216 0.265091 0 
-0.533613 -0.120795 0 
0.796455 -0.614048 0 
-0.178135 -0.556801 0 
0.506325 -0.655964 0 
-0.36891 -0.347649 0 
0.666249 0.818498 0 
-0.876139 0.125361 0 
-0.162302 0.299263 0 
-0.128308 0.279371 0 
2.79304 -0.410854 0 
2.78318 0.349183 0 
-0.170663 0.357412 0 
-0.560158 -0.154441 0 
-0.567832 -0.113096 0 
-0.567022 -0.137133 0 
-0.235249 -0.565899 0 
-0.733334 -0.117463 0 
-0.539855 -0.0934021 0 
-0.549991 -0.132114 0 
-0.243593 0.673959 0 
1.95567 0.604102 0 
-0.636701 0.648245 0 
-0.858775 0.166863 0 
-0.872145 0.136131 0 
0.389114 -0.608978 0 
0.974231 -0.623937 0 
1.61259 0.348803 0 
-0.234351 -0.273521 0 
0.66241 -0.630491 0 
-0.842828 0.129092 0 
-0.863122 0.17467 0 
-0.491717 -0.09485 0 
-0.127659 0.295607 0 
2.05741 0.628083 0 
-0.364814 0.710482 0 
-0.127771 0.266244 0 
-0.371574 -0.519203 0 
1.81256 0.321352 0 
1.8616 0.341769 0 
-0.593251 0.555806 0 
3.9531 3.23537 0 
3.14282 2.56681 0 
2.71751 2.18004 0 
-0.618134 0.696066 0 
-0.589231 0.605502 0 
-0.493633 -0.5157 0 
-0.363999 0.687069 0 
2.13552 0.650174 0 
2.0811 0.661481 0 
2.0876 0.530344 0 
-0.570426 -0.124923 0 
0.865777 0.108377 0 
-0.879236 0.184377 0 
-0.143442 0.444813 0 
-0.508649 -0.145409 0 
1.93902 0.596984 0 
1.87275 0.443858 0 
0.632894 -0.618275 0 
0.706982 -0.684645 0 
2.31217 0.596025 0 
1.91269 0.477749 0 
-0.0888438 0.663828 0 
1.47082 -0.35674 0 
2.13246 -0.73234 0 
0.351844 0.08794 0 
2.34017 0.621156 0 
-0.987366 0.557823 0 
-0.970838 0.566167 0 
-0.857773 0.162245 0 
-0.636563 -0.512915 0 
1.79376 0.296402 0 
-0.983434 0.585616 0 
-0.126626 0.277793 0 
1.81675 0.302213 0 
1.70038 -0.371614 0 
-0.533478 -0.0645348 0 
-0.531012 -0.0862576 0 
0.577802 0.759878 0 
-0.127194 0.294417 0 
1.84899 0.540096 0 
1.40759 -0.368922 0 
-0.119235 -0.547932 0 
-0.577597 -0.115293 0 
2.05273 0.299322 0 
0.181007 -0.608536 0 
2.14954 -0.179864 0 
2.17615 -0.751106 0 
2.29998 -0.644104 0 
2.40457 -0.776236 0 
-0.226474 -0.35383 0 
0.989807 -0.698402 0 
-0.985512 0.551869 0 
-0.119115 0.263778 0 
0.239089 -0.629667 0 
1.97604 0.18069 0 
1.96514 0.170802 0 
2.04719 -0.177538 0 
1.91543 0.21162 0 
3.04486 -1.10403 0 
1.99843 0.130678 0 
2.1544 -0.0631387 0 
-0.958823 0.581648 0 
-0.928496 0.587576 0 
-0.232305 0.657074 0 
-0.889267 0.192523 0 
-0.247347 0.651397 0 
-0.824355 0.243293 0 
-0.776933 0.0468828 0 
-0.52967 -0.139346 0 
0.967932 -0.709391 0 
-0.955394 0.537681 0 
0.834585 -0.708762 0 
0.836232 0.0975108 0 
0.87024 -0.775519 0 
-0.0535765 -0.590597 0 
2.14239 -0.216112 0 
2.1056 -0.184771 0 
1.66693 0.384868 0 
2.24617 0.566614 0 
2.03364 0.296076 0 
0.336398 0.07827 0 
2.78274 0.672622 0 
2.06448 0.295535 0 
2.2963 0.665539 0 
-0.547979 -0.180025 0 
1.96887 0.608311 0 
1.976 0.277286 0 
-0.789316 0.486147 0 
-0.99673 0.559636 0 
-0.159749 0.332554 0 
-0.3989 0.711604 0 
1.92628 0.349761 0 
1.81698 0.439845 0 
-0.384276 -0.270362 0 
1.52975 -0.518757 0 
-0.682805 0.527157 0 
-0.550245 -0.114375 0 
-0.166651 0.337184 0 
2.13718 0.625116 0 
-0.538897 -0.133074 0 
-0.557081 -0.118314 0 
1.69319 0.49031 0 
-0.165259 0.346161 0 
-0.118583 0.262169 0 
-0.521501 -0.0959809 0 
-0.540557 -0.107405 0 
-0.23442 -0.251139 0 
1.67072 0.282729 0 
0.701355 0.793805 0 
2.22579 -0.481442 0 
2.15376 -0.757869 0 
2.36398 0.623681 0 
2.28221 0.593113 0 
-0.556582 -0.180321 0 
-0.544588 -0.183666 0 
0.680142 0.00171874 0 
-0.537912 -0.0937353 0 
-0.210958 0.253982 0 
-0.146973 0.663984 0 
-0.535482 -0.0578547 0 
-0.556574 -0.107082 0 
-0.48514 -0.14303 0 
-0.517346 -0.0817578 0 
-0.49181 -0.103254 0 
-0.117376 0.296311 0 
1.70476 -0.372981 0 
1.66371 -0.371303 0 
1.13649 -0.642917 0 
-0.153238 0.46145 0 
-0.495391 -0.0797425 0 
-0.273554 -0.582846 0 
2.25374 -0.588808 0 
-0.225613 -0.356692 0 
-0.736375 0.505084 0 
-0.973102 0.562006 0 
-0.864692 0.134861 0 
-0.971378 0.574873 0 
-0.668054 -0.392367 0 
2.03768 0.642325 0 
2.09833 0.665566 0 
1.85563 0.54714 0 
2.05221 0.626514 0 
2.13727 0.663143 0 
-0.839773 0.144862 0 
-0.947095 0.564017 0 
-0.723493 -0.135242 0 
-0.370355 -0.346589 0 
-0.711616 -0.172309 0 
0.128828 -0.591823 0 
2.05235 -0.210522 0 
1.64572 -0.542966 0 
1.65048 -0.679765 0 
-0.126986 0.277292 0 
0.774232 -0.653764 0 
2.19423 -0.45372 0 
2.1968 -0.329964 0 
-0.126278 0.290721 0 
1.80156 0.417203 0 
2.10102 0.259151 0 
-0.35972 0.621072 0 
-0.112397 0.372321 0 
1.45058 -0.643395 0 
0.776695 -0.625937 0 
0.978705 -0.625886 0 
2.17422 0.331452 0 
-0.162702 -0.567389 0 
2.03348 0.510609 0 
-0.746738 0.572436 0 
-0.555104 0.555674 0 
-0.50142 -0.102417 0 
-0.116163 0.281702 0 
1.77075 0.595853 0 
1.79658 0.514287 0 
1.72343 -0.67806 0 
1.97506 0.272266 0 
0.409862 -0.647631 0 
0.746128 -0.181553 0 
-0.696492 -0.258605 0 
-0.530458 -0.0672281 0 
-0.523906 -0.146074 0 
-0.527456 -0.124552 0 
2.14182 0.446165 0 
2.31786 0.67382 0 
1.396 -0.342011 0 
0.485865 -0.687831 0 
0.663306 -0.707333 0 
0.312928 -0.594419 0 
0.54729 0.681588 0 
1.57746 -0.783271 0 
2.06567 0.205233 0 
2.95623 -1.07763 0 
-0.220747 -0.355592 0 
-0.0989056 0.701237 0 
0.875144 -0.175965 0 
-0.120315 0.468804 0 
-0.411481 -0.199238 0 
-0.53159 -0.0592034 0 
-0.196186 -0.285463 0 
-0.179432 0.716446 0 
1.3741 -0.358656 0 
1.35478 -0.370119 0 
-0.376458 -0.263429 0 
2.06747 -0.481527 0 
2.25547 -0.242603 0 
1.47933 0.309045 0 
-0.166584 0.339959 0 
-0.171439 0.378604 0 
2.4833 0.847171 0 
2.1582 0.704113 0 
0.642452 0.809609 0 
2.24675 0.586536 0 
-0.366772 -0.352201 0 
1.83064 0.317946 0 
-0.110797 0.266572 0 
0.374623 -0.625551 0 
0.283544 -0.620753 0 
0.0953281 -0.60061 0 
2.24147 0.590879 0 
1.83764 0.437459 0 
1.85494 0.539221 0 
1.89104 0.559673 0 
1.82034 0.528 0 
1.4076 0.388756 0 
1.74489 0.491016 0 
1.94139 0.587677 0 
1.81666 0.540536 0 
3.15545 1.14936 0 
0.829494 -0.664203 0 
-0.366285 -0.352226 0 
-0.500581 0.593547 0 
1.94236 -0.746581 0 
-0.390819 -0.264991 0 
-0.501278 -0.0997814 0 
-0.463206 -0.129625 0 
-0.505945 -0.157148 0 
2.14854 -1.00847 0 
-0.23035 0.428833 0 
-0.480938 -0.102493 0 
-0.683871 -0.356742 0 
0.758884 0.906648 0 
1.51306 -0.525103 0 
1.76961 0.261121 0 
2.2215 0.635831 0 
2.44549 -0.308631 0 
2.29133 -0.119222 0 
-0.488438 -0.128349 0 
1.64146 -0.369722 0 
1.86444 0.184271 0 
1.4567 -0.339985 0 
-0.366385 -0.352173 0 
0.589828 0.779113 0 
-0.104111 0.258155 0 
1.24088 -0.650532 0 
-0.119254 0.297263 0 
-0.122786 0.433287 0 
2.19367 0.624674 0 
-0.652808 -0.486621 0 
-0.600338 0.54477 0 
-0.527294 -0.162732 0 
-0.209731 0.250378 0 
-0.555443 -0.534422 0 
-0.501096 -0.0735854 0 
-0.52553 -0.161507 0 
-0.159947 0.656053 0 
1.46737 -0.35774 0 
-0.160679 0.661279 0 
-0.0982034 0.719791 0 
2.19946 0.608438 0 
-0.168605 0.71532 0 
-0.628605 1.97397 0 
2.77322 1.00699 0 
-0.293613 0.705791 0 
-0.200664 0.470182 0 
2.20748 0.610504 0 
-0.261381 0.706855 0 
-0.466789 -0.359937 0 
-0.172095 0.334732 0 
-0.167266 0.361731 0 
-0.183133 0.701476 0 
-0.157966 0.699528 0 
-0.4934 -0.0834017 0 
-0.483776 -0.0936825 0 
-0.146011 0.449456 0 
-0.115995 0.275106 0 
-0.527717 -0.139733 0 
-0.482751 -0.11817 0 
1.54609 -0.363275 0 
-0.518953 -0.0863742 0 
1.58303 -0.361556 0 
-0.500017 -0.095671 0 
1.27824 0.0843721 0 
-0.559001 -0.161999 0 
-0.221321 -0.28653 0 
2.00387 0.282684 0 
2.21173 -0.739824 0 
0.715279 -0.612303 0 
1.37225 -0.698462 0 
0.430406 -0.607299 0 
-0.147102 0.453847 0 
-0.15965 0.292016 0 
-0.498495 -0.0967059 0 
1.4046 -0.373847 0 
-0.508633 -0.0907948 0 
-0.287023 -0.375039 0 
-0.291634 -0.385492 0 
-0.29046 -0.379566 0 
-0.280078 -0.379472 0 
-0.486157 -0.14256 0 
1.54185 -0.356858 0 
1.67562 -0.358092 0 
-0.409692 -0.152721 0 
-0.460312 -0.278286 0 
-0.165552 0.291101 0 
2.82022 -0.262705 0 
2.65545 -0.828039 0 
1.73868 0.512788 0 
1.91357 0.473654 0 
1.74473 0.505812 0 
-0.227609 0.694802 0 
1.88702 0.472948 0 
2.38599 -0.248662 0 
-0.540375 -0.0664109 0 
2.45549 0.842855 0 
-0.170719 0.524818 0 
0.686318 0.417612 0 
-0.195145 0.714193 0 
0.752751 -0.622602 0 
1.03225 -0.660729 0 
-0.263637 -0.252724 0 
1.61725 -0.686646 0 
-0.320015 0.75609 0 
1.04031 -0.659995 0 
1.08676 -0.67761 0 
-0.226148 0.379194 0 
0.108418 -0.557103 0 
-0.101542 0.362467 0 
-0.294825 0.710172 0 
-0.388004 1.19729 0 
-0.223869 0.365944 0 
-0.325982 -0.247641 0 
0.013756 0.282839 0 
1.92244 0.339181 0 
-0.44156 -0.118686 0 
-0.441033 0.600209 0 
-1.14493 8.33387 0 
1.0503 -0.264403 0 
-0.554728 -0.11628 0 
-0.524245 -0.13166 0 
-0.548921 -0.179628 0 
-0.526778 -0.141219 0 
-0.526762 -0.131497 0 
-0.474587 -0.122944 0 
-0.539298 -0.144203 0 
-0.536437 -0.0739498 0 
-0.547026 -0.123925 0 
0.72822 -0.623795 0 
-0.502489 0.582346 0 
0.593999 -0.742002 0 
0.769906 -0.622956 0 
-0.537893 -0.0827649 0 
-0.220035 -0.286305 0 
-0.492898 -0.130575 0 
-0.271366 0.63996 0 
-0.118388 0.457057 0 
1.65599 0.384368 0 
1.72183 0.50598 0 
1.8209 0.528903 0 
1.88896 0.527758 0 
1.73718 0.413954 0 
-0.262909 0.615248 0 
2.04576 0.522085 0 
-0.265176 -0.267093 0 
1.82497 0.434471 0 
2.3736 -0.388007 0 
1.58495 0.439189 0 
1.93579 0.37799 0 
1.86774 0.517277 0 
1.74071 0.512545 0 
2.56984 -0.800768 0 
-0.167439 0.348128 0 
-0.171318 0.379614 0 
1.29497 -0.519966 0 
-0.166765 0.457776 0 
-0.143777 0.602209 0 
-0.272124 0.748414 0 
-0.226617 -0.270743 0 
-0.256013 0.700739 0 
-0.231033 -0.2603 0 
-0.270987 -0.544933 0 
2.05245 -0.311836 0 
2.64703 -0.443422 0 
-0.163118 0.291787 0 
1.34464 -0.524527 0 
-0.158369 0.668193 0 
-0.0974352 0.719289 0 
-0.165982 0.705889 0 
-0.0984647 0.728154 0 
-0.220556 -0.290004 0 
-0.126317 0.291083 0 
-0.496008 -0.0948924 0 
-0.48385 -0.111971 0 
-0.537837 -0.145092 0 
-0.377178 -0.258473 0 
-0.672202 -0.453962 0 
0.723948 -0.19843 0 
-0.539278 -0.106915 0 
-0.558736 -0.0595505 0 
-0.259071 0.676449 0 
2.09425 0.418055 0 
-0.230727 -0.292053 0 
0.82065 0.0937226 0 
1.75369 0.510995 0 
1.92557 0.480507 0 
1.85005 0.514451 0 
2.59845 -0.288867 0 
2.84885 -0.300482 0 
2.37179 -0.607135 0 
2.20179 -0.553412 0 
2.02714 1.36185 0 
1.43086 -0.358087 0 
-0.239406 -0.260399 0 
1.41235 -0.374982 0 
-0.35579 -0.26655 0 
-0.415429 -0.198343 0 
-0.516077 -0.0751379 0 
-0.520475 -0.0873283 0 
-0.520803 -0.128463 0 
-0.250728 -0.250768 0 
-0.619572 -0.16049 0 
-0.590949 -0.0796327 0 
-0.507656 -0.0884574 0 
0.214868 -0.632219 0 
-0.35537 0.604586 0 
-0.103902 -0.583749 0 
-0.356934 0.658485 0 
-0.545202 -0.13083 0 
1.53711 0.862421 0 
-0.480683 -0.135172 0 
0.906222 0.137933 0 
-0.568848 -0.0908472 0 
-0.489938 -0.0940994 0 
1.92799 0.470351 0 
1.96927 0.269709 0 
2.07548 -0.61749 0 
0.734191 0.0605516 0 
-0.234641 -0.260627 0 
-0.533299 -0.0790348 0 
-0.564315 -0.131475 0 
1.80586 0.514724 0 
1.94061 0.554435 0 
0.339076 0.0831028 0 
-0.164511 0.299 0 
-0.291772 0.704153 0 
-0.167675 0.340124 0 
2.96388 -0.892227 0 
0.306123 -0.620108 0 
-0.119907 -0.572111 0 
2.11549 -0.233599 0 
0.354079 -0.629699 0 
0.526389 0.752606 0 
-0.263137 0.618247 0 
-0.235288 0.635245 0 
-0.0930855 0.653498 0 
2.14115 0.693194 0 
1.92934 0.483605 0 
-0.225905 -0.354158 0 
0.910525 0.139288 0 
-0.227882 0.433527 0 
0.67485 0.766801 0 
1.4998 0.303313 0 
0.813225 -0.418846 0 
-0.221831 -0.293941 0 
1.9522 0.59359 0 
-0.538964 -0.115346 0 
-0.116639 0.396746 0 
0.570982 -0.739192 0 
-0.523667 -0.0846372 0 
-0.512901 -0.140745 0 
-0.219691 -0.351494 0 
0.748157 0.0652727 0 
-0.473446 -0.126968 0 
-0.539321 -0.117567 0 
-0.487109 -0.11646 0 
-0.369485 -0.34584 0 
-0.369151 -0.252257 0 
-0.555602 -0.106376 0 
-0.402085 1.37432 0 
-0.123891 0.313978 0 
1.98673 0.502898 0 
0.745993 0.871296 0 
-0.145817 0.419378 0 
-0.513273 -0.133766 0 
-0.21998 -0.350818 0 
-0.519398 -0.141532 0 
-0.505103 0.608096 0 
-0.447211 0.635627 0 
-0.547585 -0.141621 0 
-0.361006 -0.355499 0 
-0.357526 -0.352998 0 
-0.115627 0.247832 0 
-0.543151 -0.100974 0 
1.62685 -0.368764 0 
-0.503558 -0.0905739 0 
-0.162955 0.299457 0 
0.904723 0.136624 0 
0.625541 0.793897 0 
0.566007 0.757423 0 
-0.572623 -0.13548 0 
-0.593174 -0.110655 0 
0.638472 -0.213192 0 
-0.220858 -0.271477 0 
-0.517502 -0.0892934 0 
-0.431445 -0.20119 0 
-0.164745 0.292057 0 
1.49581 -0.526503 0 
-0.125396 0.280184 0 
-0.115653 0.444586 0 
-0.440966 -0.524411 0 
-0.584647 -0.124813 0 
0.208597 0.705115 0 
0.23086 0.70822 0 
1.93216 0.359528 0 
1.14724 0.26581 0 
0.64266 -0.65192 0 
1.1297 -0.682759 0 
-0.473375 -0.127487 0 
-0.383857 0.620674 0 
-0.363781 0.68936 0 
-0.35241 -0.213083 0 
-0.438411 -0.549783 0 
-0.303028 -0.52973 0 
-0.400957 0.698953 0 
-0.231163 0.41127 0 
1.23846 -0.81789 0 
-0.511831 -0.540871 0 
1.43447 -0.827373 0 
1.60833 -0.867862 0 
0.353339 0.858105 0 
1.95504 0.631514 0 
0.117342 1.34054 0 
0.108734 1.42356 0 
0.895402 1.9095 0 
0.197595 1.48 0 
0.0966747 1.46442 0 
0.566908 1.58149 0 
0.544176 1.55477 0 
2.48552 -0.0876167 0 
0.551995 1.55928 0 
0.554046 1.75452 0 
0.562574 1.69694 0 
0.91132 1.74979 0 
0.18776 1.52443 0 
1.23321 1.81028 0 
2.33731 -0.290923 0 
3.72195 1.57632 0 
3.00565 1.16995 0 
0.24261 1.47187 0 
0.416225 1.52631 0 
0.199679 1.4641 0 
0.566688 1.71549 0 
0.555357 1.60951 0 
0.0844219 1.46251 0 
0.573072 1.78725 0 
0.56491 1.56748 0 
0.564057 1.5744 0 
0.252826 1.36167 0 
0.127873 1.74673 0 
0.127183 1.49767 0 
3.04753 1.19017 0 
1.84067 0.617079 0 
0.392551 1.56539 0 
0.401654 1.48924 0 
0.825419 1.88397 0 
1.2518 2.22634 0 
0.412717 1.56643 0 
0.0343312 1.34174 0 
1.3433 2.0326 0 
1.12486 1.91525 0 
0.0915038 1.48522 0 
0.0778708 1.37446 0 
0.231918 1.49927 0 
-0.137412 0.669059 0 
2.94371 0.997033 0 
2.95858 1.12719 0 
0.209316 1.48593 0 
-0.53308 -0.146969 0 
0.0260024 1.38914 0 
-0.00298905 1.2801 0 
-0.133443 0.692116 0 
3.30344 1.55731 0 
2.35875 -0.240868 0 
-0.123888 0.649189 0 
-0.106935 0.682384 0 
-0.101828 0.657475 0 
1.96494 0.630336 0 
2.58994 0.21329 0 
-0.53809 -0.132763 0 
-0.132303 0.65226 0 
-0.135936 0.671752 0 
2.9516 0.982284 0 
-0.523014 -0.141873 0 
-0.130246 0.680261 0 
1.51727 -0.517903 0 
-0.478261 -0.111676 0 
-0.10208 0.657692 0 
-0.143607 0.312975 0 
1.4009 0.888305 0 
-0.224875 -0.288528 0 
-0.47124 1.85688 0 
-0.116546 0.586757 0 
-0.530465 -0.146864 0 
2.60472 0.0530995 0 
-0.540644 -0.131962 0 
-0.0982403 0.628992 0 
-0.135094 0.675889 0 
-0.494716 -0.098147 0 
2.37125 -0.927008 0 
-0.145045 0.679873 0 
-0.153887 0.756083 0 
-0.103303 0.667792 0 
-0.145045 0.704215 0 
1.79769 0.605506 0 
-0.336731 1.43195 0 
-0.14459 0.664139 0 
-0.130618 0.667008 0 
-0.155666 0.699536 0 
1.40468 -0.356277 0 
-0.568873 -0.116898 0 
2.72508 0.447307 0 
2.59855 0.540638 0 
-0.2658 -0.320133 0 
-0.228966 -0.358403 0 
0.334508 0.0982764 0 
2.53547 -0.963634 0 
-0.135429 0.28955 0 
2.66 -0.015076 0 
-0.383263 -0.26604 0 
-0.514632 -0.0943936 0 
-0.559627 -0.165097 0 
-0.702563 -0.294336 0 
0.0359594 0.857166 0 
2.50819 0.103377 0 
2.34679 -0.325756 0 
2.97545 0.737207 0 
2.5694 0.184064 0 
-0.448427 0.726251 0 
1.60981 -0.705739 0 
3.22933 1.91887 0 
-0.332107 0.480817 0 
-0.278782 -0.154755 0 
0.57188 0.719511 0 
2.02056 0.348163 0 
-0.45024 0.594626 0 
0.0453561 0.660416 0 
-0.998943 0.564837 0 
-1.0022 0.567652 0 
-0.995421 0.563886 0 
-1.01201 0.586972 0 
-0.997028 0.595515 0 
-1.00001 0.592762 0 
-0.960153 0.563704 0 
-0.872669 0.155055 0 
-0.165245 0.326166 0 
-0.144515 0.446551 0 
-0.557602 -0.166119 0 
-0.456116 -0.303549 0 
-0.42597 -0.374253 0 
0.487611 0.712378 0 
-0.228995 -0.157727 0 
-0.349517 0.753585 0 
1.98809 0.394561 0 
2.43591 -0.10074 0 
-0.423996 -0.273801 0 
1.5464 -0.348349 0 
0.500952 0.697757 0 
1.95475 0.641756 0 
-0.169686 0.352044 0 
-0.696135 -0.0644416 0 
-0.128243 0.296741 0 
-0.22454 0.324351 0 
-0.601277 1.05443 0 
-0.417358 0.592015 0 
-0.221368 -0.272929 0 
0.565979 0.90929 0 
-0.113045 0.265653 0 
-0.369226 -0.351414 0 
3.62707 1.59283 0 
-0.275438 -0.321043 0 
0.0984992 0.716372 0 
-0.25879 0.288907 0 
-0.224961 0.316373 0 
2.51903 1.42658 0 
-0.329793 0.785984 0 
-0.289476 0.411346 0 
-0.728534 -0.0696756 0 
2.04944 0.58173 0 
-0.977616 0.545194 0 
-0.962037 0.585796 0 
-0.967007 0.57527 0 
-0.944842 0.57491 0 
-0.663937 0.592497 0 
-0.830404 0.162668 0 
-0.838613 0.156937 0 
-0.885041 0.58371 0 
-0.396738 0.600557 0 
-0.174471 0.472677 0 
1.42646 1.07062 0 
-0.341911 -0.3529 0 
1.65834 0.425013 0 
2.41562 -0.0433599 0 
1.5222 0.95701 0 
2.34094 -0.47962 0 
-0.851493 0.134781 0 
2.00708 0.339216 0 
2.16513 -0.624383 0 
2.86487 1.121 0 
0.926853 0.855229 0 
2.55699 0.193126 0 
-0.137126 0.285259 0 
-0.136013 0.358115 0 
-0.570012 -0.0969819 0 
0.204495 0.836546 0 
1.55824 1.59731 0 
0.104216 -0.905045 0 
3.74612 1.5776 0 
3.47695 1.63776 0 
2.45231 -0.935835 0 
2.56329 0.135195 0 
4.05521 1.71372 0 
2.55762 0.166437 0 
-0.7605 0.0724373 0 
0.064781 0.548429 0 
-0.945546 0.561862 0 
-0.962248 0.58538 0 
-0.984666 0.603541 0 
-0.871186 0.121213 0 
-0.990053 0.565345 0 
-0.853815 0.173403 0 
-0.719761 -0.174054 0 
1.48526 -0.661369 0 
-0.545521 -0.130902 0 
1.41056 0.170344 0 
2.10041 -0.702104 0 
-0.239183 0.423066 0 
-0.155472 0.368042 0 
-0.122542 0.272445 0 
-0.135525 0.721565 0 
2.57519 0.201837 0 
-1.01611 0.671183 0 
-0.239216 -0.258347 0 
1.99887 0.628987 0 
2.38553 -0.18366 0 
2.03327 -0.736049 0 
-1.02917 0.653224 0 
1.5219 0.366331 0 
1.56338 -0.666396 0 
-0.471055 0.562446 0 
3.85685 1.66745 0 
1.54158 -2.10259 0 
2.74001 0.306229 0 
2.23465 -0.53918 0 
-0.980286 0.574258 0 
-0.971748 0.585884 0 
-0.867963 0.533032 0 
-0.857645 0.188133 0 
-0.853335 0.149432 0 
-0.126947 0.287187 0 
-0.831561 0.281544 0 
2.39522 -0.140773 0 
3.67408 -0.624332 0 
4.22164 0.0251858 0 
4.2114 0.0304045 0 
4.31098 0.00564313 0 
1.47115 0.988511 0 
-0.155758 0.449485 0 
2.8847 1.14125 0 
1.43476 0.908764 0 
-0.661849 -0.428676 0 
2.57576 -0.582631 0 
1.7641 -0.678369 0 
1.77223 -0.72507 0 
-0.54761 -0.114312 0 
0.818703 0.124207 0 
0.510279 0.714823 0 
-0.454214 0.579463 0 
0.333751 0.113803 0 
2.80264 0.719457 0 
2.3605 -0.261911 0 
1.65873 0.310776 0 
2.26178 -0.448249 0 
2.77203 0.38825 0 
1.89682 0.331712 0 
1.33731 -0.682837 0 
1.06576 -0.637037 0 
-0.863321 0.380921 0 
-0.78014 0.0562449 0 
-0.56181 -0.117125 0 
-0.556331 -0.0570689 0 
4.46228 0.436769 0 
4.46694 0.0348593 0 
4.37168 0.0685765 0 
4.56094 0.320552 0 
1.26859 -0.498311 0 
2.695 -0.383512 0 
2.3076 -0.75538 0 
2.13162 -0.636002 0 
2.14334 -0.61807 0 
1.56691 -0.705151 0 
-0.914907 0.565395 0 
0.497147 0.82681 0 
0.943876 -0.623761 0 
-0.533351 -0.0779046 0 
0.483679 0.785663 0 
2.73642 0.579115 0 
2.37401 -0.307486 0 
0.287761 1.87633 0 
0.0190381 -0.573818 0 
2.76952 0.665994 0 
-0.57375 0.564694 0 
-0.525637 -0.0969972 0 
-0.560589 -0.0640531 0 
-0.569754 -0.0936779 0 
1.60991 1.1514 0 
2.55689 0.207579 0 
1.50973 -0.340256 0 
2.12354 -0.725426 0 
1.41796 0.967808 0 
2.13628 -0.579412 0 
2.17975 -0.581675 0 
2.58275 0.159403 0 
2.26805 -0.617511 0 
2.15069 -0.619026 0 
-0.752327 0.590186 0 
-0.854126 0.25265 0 
-0.879596 0.165202 0 
4.41794 0.0363906 0 
4.38326 0.00847965 0 
4.37085 -0.0515061 0 
0.609816 0.886512 0 
1.66444 0.307175 0 
1.81255 -0.702397 0 
1.44697 -0.715645 0 
4.21623 0.157864 0 
1.50036 0.982387 0 
3.61184 -0.616258 0 
0.369693 0.461645 0 
2.1695 -0.590805 0 
-0.502301 -0.0794287 0 
2.53412 0.112337 0 
2.06686 0.603655 0 
2.02805 -0.716051 0 
-0.999856 0.572331 0 
-0.636247 -0.513132 0 
-0.485994 0.561444 0 
1.54978 -0.697716 0 
3.05928 1.19744 0 
2.33538 -0.874487 0 
4.20555 -0.0499808 0 
4.00981 -0.00466908 0 
2.83272 0.126931 0 
-0.780042 0.0400112 0 
4.16712 -0.0571458 0 
4.27547 0.00774364 0 
3.82016 0.000352222 0 
4.12969 -0.00154863 0 
4.33254 0.157593 0 
4.24953 0.0110034 0 
3.95268 -0.0646654 0 
4.10989 -0.00311022 0 
3.3336 0.184384 0 
4.31595 0.176666 0 
3.94347 0.136175 0 
4.49615 0.178361 0 
2.15744 -0.606731 0 
2.46172 -0.0245901 0 
2.42792 -0.0593044 0 
4.63471 0.40071 0 
4.86517 0.452569 0 
4.78479 0.356751 0 
4.13091 -0.0510809 0 
4.67355 0.193669 0 
1.94888 0.638686 0 
2.16289 -0.700489 0 
2.52243 0.174015 0 
3.75893 1.5933 0 
-0.492568 -0.131857 0 
-0.381375 -0.264432 0 
2.87405 0.842872 0 
1.96065 0.638789 0 
-0.236953 -0.599969 0 
0.0160947 0.821865 0 
2.16063 -0.626724 0 
0.821651 -0.175844 0 
-0.570665 -0.117668 0 
2.07296 -0.712609 0 
2.0944 -0.606329 0 
1.83695 0.637045 0 
3.46128 -0.0284169 0 
4.2326 0.350115 0 
4.37176 0.432078 0 
2.44579 -0.0102802 0 
2.49848 0.0238203 0 
4.6135 0.309678 0 
4.81 0.430285 0 
4.62135 0.472751 0 
2.28213 -0.384128 0 
1.64815 0.442178 0 
2.91275 1.1464 0 
0.350588 -0.182916 0 
2.21957 -0.731811 0 
2.80012 0.262789 0 
0.49052 0.967278 0 
0.475981 0.909499 0 
1.52973 -0.356449 0 
1.35812 -0.706312 0 
2.59354 0.166928 0 
-0.990972 0.609744 0 
-0.123251 0.298542 0 
1.64156 -0.70558 0 
-0.249112 -0.513585 0 
1.40011 -0.358527 0 
1.30406 -0.707544 0 
2.48955 0.0987579 0 
0.850425 0.138128 0 
-0.274071 0.671277 0 
-0.616844 0.543587 0 
-0.124887 0.363925 0 
2.14226 -0.636697 0 
-0.179951 0.330413 0 
2.60567 0.326703 0 
2.05723 0.596631 0 
1.50669 0.963369 0 
-0.504475 -0.0764814 0 
-0.87146 0.407974 0 
2.6644 0.403512 0 
-0.550794 -0.120627 0 
2.37378 -0.92877 0 
1.68985 0.542449 0 
2.15768 -0.699157 0 
1.01039 0.97908 0 
2.15888 0.115377 0 
0.497746 0.788529 0 
1.04735 1.04584 0 
0.335765 0.104388 0 
0.389355 0.868193 0 
2.02589 0.640889 0 
1.46512 0.985476 0 
1.88907 0.320845 0 
0.0372229 0.574799 0 
1.7415 0.588805 0 
2.0746 0.0647003 0 
2.45393 -0.0721515 0 
-0.0333494 0.791022 0 
-0.0821016 1.65827 0 
0.467465 0.735179 0 
-0.165723 -0.257341 0 
1.39384 -0.358665 0 
-0.196219 -0.59921 0 
-0.137837 0.27876 0 
0.19384 1.20667 0 
-0.356137 1.05578 0 
-0.450419 0.860843 0 
-0.46962 0.859853 0 
0.06975 1.16978 0 
0.456924 1.30409 0 
-0.454925 0.849111 0 
-0.401509 0.865742 0 
-0.410586 0.851996 0 
-0.300586 1.06651 0 
-0.0220871 1.51991 0 
2.15512 1.81196 0 
0.00365304 1.21891 0 
-0.0056812 1.2274 0 
-0.105458 0.911382 0 
-0.376596 0.874006 0 
0.0790713 1.46508 0 
0.0531463 1.24107 0 
0.281856 1.10036 0 
-0.121615 1.25083 0 
1.45152 1.59237 0 
0.28516 0.0887379 0 
0.844132 1.53092 0 
-0.178636 0.906829 0 
-0.186396 0.868777 0 
-0.00453864 0.955046 0 
-0.29601 0.885894 0 
-0.286495 0.851118 0 
0.605215 1.16242 0 
0.142403 1.18859 0 
0.346061 1.06547 0 
0.0587444 0.956343 0 
0.312833 1.3056 0 
0.287993 1.24817 0 
0.0620196 1.46988 0 
0.469192 1.31249 0 
0.456343 1.30247 0 
-0.317872 0.87281 0 
-0.305131 0.880771 0 
-0.421223 0.840021 0 
-0.0934716 0.920006 0 
-0.0991207 1.20824 0 
-0.0112926 1.118 0 
1.73902 1.66981 0 
0.899482 1.56534 0 
0.792382 1.48077 0 
0.99763 1.34238 0 
0.958958 1.32322 0 
1.71307 1.66719 0 
1.98678 1.77945 0 
-0.0771777 1.11452 0 
-0.208684 1.18618 0 
-0.213846 1.15662 0 
-0.00391709 1.23373 0 
-0.438109 0.875178 0 
0.049071 1.14918 0 
0.479259 1.10478 0 
0.481493 1.14206 0 
0.492608 1.19635 0 
0.0778093 0.968839 0 
1.37803 0.278783 0 
0.0291316 1.1052 0 
1.75434 1.65899 0 
2.4334 1.90283 0 
1.43501 1.57492 0 
0.54353 1.35609 0 
0.257231 1.21178 0 
0.284939 1.10699 0 
0.257821 1.21633 0 
-0.405776 0.829063 0 
0.299822 1.24653 0 
0.0519302 1.2601 0 
0.0534345 1.42957 0 
-0.454002 0.847759 0 
-0.4565 0.835819 0 
-0.0574439 0.914802 0 
-0.264531 1.10056 0 
1.65382 1.62545 0 
1.53223 1.59816 0 
1.51059 1.58634 0 
1.27449 1.51374 0 
0.852061 1.30554 0 
0.838005 1.51902 0 
1.60594 1.60962 0 
2.02866 1.74025 0 
1.89098 1.69988 0 
-0.0930292 1.2068 0 
-0.103703 2.52464 0 
-0.0808802 1.22129 0 
-0.358965 1.08738 0 
-0.379515 1.06838 0 
-0.454226 1.08054 0 
-0.456258 1.1205 0 
0.468726 1.11477 0 
0.0557219 0.955305 0 
0.0418201 1.27897 0 
0.620438 1.42612 0 
0.335434 1.32396 0 
0.481768 1.39408 0 
0.941961 1.3023 0 
1.15325 1.38 0 
1.48002 1.62441 0 
2.45603 1.90469 0 
0.0490778 1.14991 0 
0.188863 1.1924 0 
0.278436 0.0866075 0 
1.38726 0.280249 0 
-0.306319 0.879139 0 
-0.292676 0.872767 0 
-0.0667551 0.931618 0 
-0.00789491 0.911361 0 
1.70948 1.66216 0 
1.51656 0.518839 0 
1.51233 1.65975 0 
0.718836 1.19085 0 
0.99567 1.33268 0 
0.943503 1.30446 0 
-0.0126998 1.14448 0 
-0.0313414 1.12526 0 
-0.185933 0.897709 0 
-0.428089 0.859485 0 
0.16715 1.19496 0 
0.142415 1.19517 0 
0.0483482 1.14497 0 
0.329803 1.03439 0 
0.483223 1.11575 0 
0.186916 1.19308 0 
0.0735227 1.43852 0 
-0.0511742 1.14325 0 
-0.0766707 1.10795 0 
1.68387 1.65452 0 
1.64314 1.62843 0 
1.78646 1.69044 0 
2.36857 1.87665 0 
0.831978 1.27521 0 
1.27555 1.50552 0 
0.15259 0.995699 0 
0.187706 0.990533 0 
0.578242 1.2341 0 
0.825835 1.53362 0 
0.82599 0.124024 0 
2.376 1.88328 0 
2.26247 1.79797 0 
0.456037 1.1012 0 
-0.414137 0.529394 0 
1.81014 1.72938 0 
1.82648 1.76185 0 
2.39984 1.91964 0 
1.1905 1.45206 0 
1.1116 1.3346 0 
2.31042 1.86046 0 
-0.0155979 1.14421 0 
-0.383178 1.08479 0 
-0.356783 1.00764 0 
-0.177785 0.899041 0 
-0.189111 0.900275 0 
-0.117791 0.26733 0 
-0.128594 0.27667 0 
0.465536 1.12429 0 
0.248968 1.19869 0 
0.188591 1.21696 0 
0.447978 1.36561 0 
-0.431071 0.8653 0 
-0.0558527 0.919309 0 
0.747353 1.23387 0 
1.22333 1.47119 0 
1.32766 1.551 0 
1.2729 1.50344 0 
2.46945 1.91624 0 
0.329596 1.30675 0 
0.461391 1.13681 0 
0.743572 0.119404 0 
-0.0335142 1.13361 0 
-0.0551143 1.12249 0 
-0.137487 0.906387 0 
-0.0688814 0.905512 0 
0.180744 1.17376 0 
2.53737 1.96684 0 
0.822269 1.25818 0 
0.795057 1.24144 0 
2.30691 1.85324 0 
0.13753 1.18247 0 
0.528102 1.33556 0 
0.544421 1.17185 0 
0.478956 1.14831 0 
1.44003 1.58966 0 
1.32152 1.56049 0 
0.163067 0.996223 0 
1.27668 1.49488 0 
2.45025 1.93567 0 
1.29996 0.269426 0 
-0.308391 0.879425 0 
-0.404057 0.83993 0 
-0.427754 0.855223 0 
1.44631 1.59485 0 
1.12356 1.34728 0 
0.826094 1.28418 0 
0.0483828 1.14507 0 
0.474891 1.11144 0 
0.245803 1.20459 0 
0.461939 1.30349 0 
0.548713 1.17874 0 
0.468364 1.12388 0 
-0.366034 1.01614 0 
-0.0262008 1.06757 0 
-0.290643 0.891646 0 
0.175719 1.18125 0 
0.281136 1.10062 0 
0.441217 1.05721 0 
1.51371 1.66397 0 
0.869528 1.32348 0 
-0.0450818 1.06139 0 
0.704177 -0.15921 0 
0.66158 -0.145767 0 
1.30631 1.56323 0 
-0.0599107 1.11004 0 
-0.116747 0.569972 0 
0.0798284 0.983437 0 
-0.185447 1.03467 0 
-0.350253 0.8552 0 
-0.426538 1.12966 0 
0.445689 1.31673 0 
1.67966 1.57412 0 
1.8109 1.62655 0 
0.388756 1.37655 0 
-0.274232 1.14622 0 
-0.219842 1.21828 0 
0.344081 1.04431 0 
0.310843 1.03952 0 
-0.0215624 0.60169 0 
-0.328313 1.09451 0 
0.0896768 1.1434 0 
-0.400612 0.521002 0 
1.34431 0.259487 0 
-0.230417 1.15872 0 
-0.146594 1.19341 0 
0.809251 1.25066 0 
-0.0667136 1.13343 0 
-0.071207 1.17625 0 
1.00545 1.34388 0 
0.560486 1.19801 0 
-0.205159 1.1755 0 
-0.434905 0.873837 0 
0.0448258 1.25297 0 
0.18537 1.20338 0 
-0.281244 0.866043 0 
1.92778 1.73013 0 
0.0523616 3.07904 0 
1.08433 1.36405 0 
0.680764 1.48854 0 
-0.435799 0.831723 0 
0.0808775 0.993981 0 
-0.344812 0.896045 0 
-0.349701 0.860703 0 
-0.0287851 1.12472 0 
-0.0566549 0.930365 0 
2.18764 1.82478 0 
0.138123 1.21841 0 
0.552117 1.1848 0 
2.20064 1.83369 0 
-0.03135 1.1348 0 
1.80417 0.321361 0 
0.445491 1.35685 0 
0.355032 1.06263 0 
0.830054 1.28439 0 
-0.414711 1.15979 0 
-0.479272 1.07906 0 
0.295645 1.23429 0 
-0.0994995 1.20228 0 
-0.217684 1.07852 0 
-0.485955 1.16834 0 
0.650191 1.44195 0 
-0.143679 1.09226 0 
-0.366573 1.03839 0 
0.942935 1.2799 0 
2.05242 1.94271 0 
-0.149215 0.91918 0 
-0.0488555 0.931124 0 
0.163519 0.996841 0 
0.457749 1.3874 0 
0.139382 1.18447 0 
-0.297236 0.895782 0 
1.23477 1.47271 0 
0.161179 0.993981 0 
-0.0872773 0.872901 0 
-0.148996 0.907251 0 
0.723442 1.18406 0 
0.357346 1.06712 0 
-0.0665868 1.11344 0 
0.0693671 0.972376 0 
-0.187756 1.15043 0 
-0.0514187 1.11712 0 
-0.394181 1.11504 0 
0.712823 1.50952 0 
1.30936 1.54366 0 
0.819968 1.27585 0 
-0.428963 1.08558 0 
-0.0815574 1.18895 0 
-0.0979856 0.920893 0 
1.58301 1.63249 0 
2.12623 1.7523 0 
2.01609 1.80624 0 
1.00107 1.33847 0 
0.99396 1.3415 0 
-0.141958 1.18523 0 
-0.344028 1.1463 0 
0.712829 1.19606 0 
-0.212671 0.25446 0 
1.18385 1.41053 0 
0.869362 1.19933 0 
0.482704 1.1116 0 
1.91988 0.462754 0 
0.722255 1.4811 0 
-0.465505 1.1323 0 
-0.0777419 1.10884 0 
-0.121002 0.913742 0 
-0.294772 1.07905 0 
-0.193137 1.1792 0 
-0.372387 1.05644 0 
0.37538 1.34693 0 
-0.31148 1.08206 0 
-0.364467 1.04004 0 
-0.444704 1.09916 0 
0.0327898 1.25998 0 
-0.0633966 1.17539 0 
-0.374976 1.21789 0 
-0.523509 1.12263 0 
-0.482029 1.07981 0 
-0.294299 1.05327 0 
-0.583077 0.965647 0 
-0.51181 0.975958 0 
-0.604909 0.933367 0 
-0.270064 1.05148 0 
-0.595793 0.800157 0 
-0.478806 0.93297 0 
-0.5082 0.818229 0 
-0.520345 1.07827 0 
-0.50972 0.907234 0 
-0.590031 1.05849 0 
-0.221397 0.911229 0 
-0.506905 1.07514 0 
-0.367365 1.12732 0 
-0.38128 1.11009 0 
-0.385671 1.08148 0 
-0.559177 1.05949 0 
-0.437886 1.11163 0 
-0.421468 1.0672 0 
-0.478143 1.20353 0 
-0.486056 -0.127435 0 
-0.542899 -0.178574 0 
-0.187053 0.910897 0 
-0.435861 1.17113 0 
-0.304131 0.874855 0 
-0.542703 -0.179224 0 
-0.659987 1.02631 0 
-0.402535 1.0977 0 
-0.575488 1.06755 0 
-0.403709 1.01019 0 
-0.442815 1.16171 0 
-0.462191 0.844823 0 
-0.592811 1.0773 0 
-0.489895 0.786436 0 
-0.508286 1.16599 0 
-0.44027 1.12119 0 
-0.382843 1.14874 0 
-0.627741 0.991794 0 
0.0155866 1.16685 0 
-0.492799 0.837318 0 
-0.593086 1.15891 0 
-0.218084 1.19219 0 
-0.369757 1.04937 0 
-0.427037 1.09055 0 
-0.557705 0.843836 0 
-0.114427 1.21858 0 
-0.00163058 1.1907 0 
-0.00529095 1.20074 0 
-0.0366717 1.27986 0 
-0.00227239 1.25921 0 
-0.0510776 1.30131 0 
-0.137497 1.28335 0 
-0.146816 1.25023 0 
-0.203526 1.20523 0 
-0.59618 1.02877 0 
-0.0289031 1.31243 0 
-0.0328286 1.26732 0 
0.0525919 1.20761 0 
-0.488123 1.09609 0 
-0.545855 -0.119153 0 
-0.864577 0.18884 0 
-0.852857 0.176042 0 
-0.848072 0.15856 0 
-0.83182 0.162259 0 
-0.848742 0.152853 0 
-0.906868 0.179182 0 
-0.530826 -0.127454 0 
-0.569302 -0.107854 0 
-0.564592 -0.0946359 0 
-0.539644 -0.115989 0 
-0.545932 -0.103911 0 
-0.534934 -0.0801214 0 
-0.541609 -0.106938 0 
-0.422905 1.08105 0 
-0.325011 1.07571 0 
-0.174736 1.07162 0 
-0.767362 0.869887 0 
-0.015665 1.15701 0 
-0.35684 0.960242 0 
0.343398 1.07099 0 
-0.137445 0.905045 0 
2.03172 1.65393 0 
0.18547 1.0042 0 
2.3349 1.8998 0 
-0.425444 1.04322 0 
-0.409741 0.99627 0 
-0.248944 1.0927 0 
-0.472171 1.1825 0 
-0.391141 1.10087 0 
-0.564577 1.04223 0 
-0.443247 0.515852 0 
-0.50338 0.832696 0 
-0.270331 0.9437 0 
-0.519669 -0.087452 0 
-0.556384 0.884445 0 
-0.444061 1.16237 0 
-0.437059 1.17108 0 
-0.432071 1.09284 0 
-0.398414 1.14152 0 
-0.350824 1.14216 0 
-0.590636 0.786676 0 
-0.528001 0.953878 0 
-0.567171 1.01747 0 
-0.48357 0.814955 0 
-0.515009 0.796107 0 
-0.629987 1.01635 0 
-0.417686 1.04648 0 
-0.500216 1.14384 0 
-0.373616 1.10589 0 
-0.245376 0.54818 0 
-0.238024 -0.260307 0 
-0.510261 -0.0881732 0 
-0.100161 0.911709 0 
-0.531817 -0.111099 0 
-0.314227 0.605512 0 
-0.0430556 1.19992 0 
-0.0527121 1.21591 0 
-0.416927 0.86023 0 
1.25464 1.48173 0 
0.337104 1.3228 0 
-0.0372455 1.1738 0 
-0.0159726 0.937539 0 
-0.620511 0.957973 0 
0.0701736 0.976397 0 
-0.0828043 0.929717 0 
-0.0663747 0.928621 0 
0.298072 1.23674 0 
-0.0167828 1.24425 0 
-0.0436291 1.41088 0 
-0.288398 1.04901 0 
-0.2956 1.11233 0 
-0.238159 0.553853 0 
-0.185834 1.18689 0 
-0.191658 1.17192 0 
-0.276776 1.05073 0 
-0.0670652 1.20395 0 
-0.0490322 1.12228 0 
-0.475762 1.15396 0 
1.59646 1.64483 0 
1.09518 1.36879 0 
-0.16164 1.20055 0 
-0.00860628 1.2535 0 
-0.2192 0.78278 0 
-0.658104 1.0283 0 
-0.443439 1.16887 0 
-0.399818 1.20538 0 
-0.367856 1.1488 0 
-0.484661 0.851005 0 
-0.362235 1.07723 0 
-0.501647 0.802947 0 
-0.364291 1.02083 0 
-0.224646 1.05592 0 
-0.366733 1.01696 0 
-0.473587 0.829162 0 
-0.480416 -0.113986 0 
-0.363248 0.992738 0 
-0.579903 1.04647 0 
-0.0919079 0.578792 0 
-0.43669 0.561692 0 
-0.618078 0.794364 0 
-0.526732 -0.14461 0 
-0.499877 0.780559 0 
-0.575432 0.735816 0 
-0.560797 0.83203 0 
-0.507578 0.825721 0 
-0.530646 0.844303 0 
-0.486429 0.801567 0 
-0.51975 1.04424 0 
-0.53897 -0.116558 0 
-0.481519 0.541522 0 
-0.577898 1.13089 0 
-0.588091 1.10544 0 
-0.470485 0.773593 0 
-0.628429 0.810146 0 
-0.541254 0.836948 0 
-0.532212 -0.0871969 0 
-0.595053 0.998327 0 
-0.509372 1.09851 0 
-0.60082 0.808371 0 
-0.524221 -0.0653734 0 
-0.609016 0.820411 0 
-0.352468 1.09285 0 
-0.493469 -0.113048 0 
-0.678905 0.906 0 
-0.642219 0.90841 0 
-0.694079 0.929858 0 
-0.364737 -0.352719 0 
-0.563577 -0.089851 0 
-0.437886 0.587097 0 
-0.559787 -0.122899 0 
-0.268328 1.05902 0 
0.0692917 1.30492 0 
-0.510771 0.560883 0 
-0.48305 -0.110523 0 
-0.532724 -0.0631145 0 
-0.86064 0.131605 0 
-0.84955 0.152771 0 
-0.901987 0.163513 0 
-0.871539 0.475946 0 
-0.849234 0.177008 0 
-0.933824 0.238507 0 
-0.85307 0.187849 0 
-0.841385 0.114608 0 
-0.841288 0.146394 0 
-0.882441 0.17599 0 
-0.832697 0.156896 0 
-0.883317 0.493528 0 
-0.485989 0.512684 0 
-0.491819 1.1232 0 
-0.189725 0.91451 0 
0.0126148 0.956623 0 
-0.368108 1.13512 0 
-0.0911655 1.21155 0 
-0.0268887 1.15289 0 
-0.409618 1.04338 0 
-0.0867142 0.92675 0 
-0.217361 1.26637 0 
-0.0611857 1.23373 0 
-0.127224 1.20543 0 
-0.0156902 1.27748 0 
0.0127204 1.24397 0 
-0.114554 1.23722 0 
-0.142398 1.16183 0 
-0.500475 1.05954 0 
-0.345943 1.18853 0 
-0.0310373 1.238 0 
-0.487072 -0.11072 0 
-0.0430859 1.25858 0 
-0.214726 1.26914 0 
-0.209713 1.21477 0 
0.194504 1.04004 0 
-0.394248 1.06131 0 
-0.479952 1.46652 0 
-0.187775 1.15231 0 
-0.203598 1.13259 0 
-0.268515 1.01833 0 
-0.595098 0.783592 0 
-0.527199 0.848665 0 
-0.549382 0.821529 0 
-0.596217 1.08233 0 
-0.331698 1.14384 0 
-0.121778 1.27392 0 
-0.0383221 0.927857 0 
-0.00575334 1.29757 0 
-0.483833 1.16042 0 
-0.28815 1.03462 0 
-0.0553752 1.31684 0 
0.410299 1.30452 0 
0.433747 1.37444 0 
0.254117 1.1929 0 
-0.0631334 1.12634 0 
0.511368 1.40904 0 
-0.351023 1.1677 0 
-0.0910861 1.21527 0 
0.685627 1.18969 0 
1.51389 1.60301 0 
1.79878 1.73789 0 
1.67771 1.63942 0 
1.7132 1.69823 0 
1.284 1.54385 0 
0.535289 1.3443 0 
-0.570055 0.93366 0 
-0.665245 -0.565006 0 
-0.145867 1.23088 0 
0.175332 0.997847 0 
-0.20085 1.07228 0 
-0.484432 1.12865 0 
-0.221154 1.23354 0 
-0.248773 0.884327 0 
-0.333371 1.08982 0 
-0.498045 1.06691 0 
0.0307588 1.2824 0 
-0.207416 1.16541 0 
-0.0512351 1.27414 0 
-0.137197 1.20444 0 
-0.25075 0.896358 0 
-0.351084 1.20381 0 
-0.269688 1.09548 0 
-0.0488271 0.930995 0 
-0.144876 1.20955 0 
-0.119286 1.22633 0 
-0.164597 1.27623 0 
-0.139493 1.18354 0 
-0.226631 1.27121 0 
0.00280364 1.30608 0 
-0.00672661 1.30211 0 
-0.137504 1.16619 0 
-0.531166 0.804055 0 
-0.90982 1.81747 0 
-0.439505 1.0819 0 
-0.389572 1.18609 0 
-0.236845 1.20642 0 
-0.492115 1.17831 0 
0.0539497 1.21717 0 
-0.0439306 1.2224 0 
0.0115881 1.18214 0 
0.00851551 1.22129 0 
-0.118582 1.24285 0 
-0.102499 1.23275 0 
-0.0641656 1.32417 0 
-0.029448 1.27791 0 
-0.0397017 1.28363 0 
-0.589979 1.0752 0 
-0.180848 1.23065 0 
-0.169064 1.31595 0 
-0.349257 1.12457 0 
-0.086266 1.22449 0 
0.177812 1.24545 0 
-0.162699 1.2199 0 
-0.39078 0.879574 0 
-0.508141 1.07375 0 
-0.0118324 1.30949 0 
0.152017 0.991752 0 
0.00360254 1.17029 0 
0.0504495 1.19318 0 
-0.10563 1.18533 0 
-0.150244 1.12337 0 
-0.117686 1.16772 0 
-0.416356 0.99623 0 
-0.476706 1.2329 0 
-0.0275992 1.30778 0 
0.386594 1.04242 0 
-0.452094 1.04283 0 
-0.224348 -0.282192 0 
-0.458223 0.590098 0 
-0.53786 -0.0871581 0 
-0.558231 -0.165347 0 
-0.566923 -0.138944 0 
-0.547221 -0.141483 0 
-0.556254 -0.107677 0 
-0.559094 -0.154403 0 
-0.52709 -0.134905 0 
-0.535534 -0.139503 0 
-0.520104 -0.128584 0 
-0.503704 -0.0778746 0 
-0.866177 0.178591 0 
-0.0462045 1.07004 0 
-0.0762006 0.994751 0 
-0.0589204 1.11627 0 
-0.8665 0.161878 0 
-0.72375 -0.18007 0 
-0.675372 -0.424828 0 
-0.569464 -0.0996287 0 
-0.0184506 1.07636 0 
-0.843287 0.18468 0 
-0.579892 0.918878 0 
-0.861965 0.193907 0 
-0.890481 0.164792 0 
-0.841995 0.27025 0 
-0.824336 0.500871 0 
-0.369847 1.00573 0 
-0.653263 0.902243 0 
-0.221551 -0.350594 0 
-0.857721 0.140785 0 
-0.0297421 1.2936 0 
0.0475343 1.23466 0 
-0.0283764 1.12385 0 
-0.478956 0.91355 0 
-0.570733 -0.119818 0 
0.0495098 1.02369 0 
-0.439556 0.85911 0 
0.170983 1.03554 0 
-0.236411 0.421286 0 
-0.510106 -0.146616 0 
-0.509597 -0.0907201 0 
-0.559026 -0.0578861 0 
-0.565031 -0.140426 0 
-0.547265 -0.116433 0 
-0.485551 -0.0918307 0 
-0.278056 0.639616 0 
-0.563721 -0.0859861 0 
-0.383246 -0.267097 0 
-0.136515 0.30789 0 
-0.554395 -0.0883591 0 
-0.493593 -0.0810083 0 
-0.749558 0.598457 0 
-0.511586 -0.15169 0 
-0.380525 -0.262556 0 
-0.511526 0.910155 0 
-0.699649 -0.254365 0 
-0.518584 -0.0875906 0 
-0.828977 0.144235 0 
-0.878318 0.189452 0 
-0.503573 0.558177 0 
-0.839129 0.162813 0 
-0.872256 0.190772 0 
-0.861323 0.166945 0 
-0.557054 -0.132005 0 
-0.553493 -0.08987 0 
-0.548231 -0.119968 0 
-0.570161 -0.132265 0 
-0.522604 -0.0638394 0 
-0.553109 -0.174972 0 
-0.566129 -0.0840679 0 
-0.489359 -0.0994921 0 
-0.119777 0.318491 0 
-0.55762 -0.163713 0 
-0.839461 0.160496 0 
-0.84339 0.186773 0 
-0.836912 0.184231 0 
-0.136711 0.437707 0 
-0.669269 0.906843 0 
-0.561495 0.955124 0 
-0.856246 0.140127 0 
-0.857331 0.139982 0 
-0.859099 0.141644 0 
-0.853312 0.174099 0 
-0.889603 0.167479 0 
-0.872019 0.153174 0 
-0.873741 0.168105 0 
-0.533841 -0.0961448 0 
0.094751 1.16355 0 
-0.404973 0.986258 0 
-0.901169 0.828071 0 
-0.872491 0.179601 0 
-0.524248 -0.0922633 0 
-0.574876 -0.104305 0 
-0.466284 0.952294 0 
-0.180217 0.355402 0 
-0.549881 -0.141418 0 
-0.562237 -0.117266 0 
-0.862237 0.132486 0 
-0.873735 0.177529 0 
-0.84599 0.184151 0 
-0.845536 0.817651 0 
-0.636308 -0.511546 0 
-0.494332 0.980805 0 
-0.696253 1.02487 0 
-0.323014 1.03579 0 
0.482495 1.11992 0 
-0.709916 0.971023 0 
0.115119 1.14875 0 
0.214217 1.17837 0 
0.204609 1.18411 0 
-0.579393 -0.112653 0 
-0.827594 0.166298 0 
-0.831781 0.146187 0 
0.446808 1.27135 0 
-0.753448 0.595466 0 
0.13498 1.18188 0 
-0.634171 -0.530119 0 
-0.659047 -0.472019 0 
-0.44265 0.960536 0 
-0.478167 0.95855 0 
-0.436567 0.877089 0 
-0.535471 -0.0658156 0 
-0.536983 -0.108289 0 
0.246884 1.24003 0 
-0.566214 -0.136384 0 
-0.549825 -0.0917771 0 
-0.223148 -0.286139 0 
-0.866892 0.14479 0 
-0.863229 0.194305 0 
-0.878676 0.190279 0 
-0.81669 0.126832 0 
-0.855597 0.143288 0 
-0.435497 0.978035 0 
-0.505556 0.926027 0 
-0.523682 0.948903 0 
-0.529593 -0.0858134 0 
-0.443618 1.01175 0 
-0.560593 -0.10227 0 
-0.745358 -0.0724616 0 
-0.857254 0.180582 0 
-0.894071 0.153151 0 
-0.875392 0.481481 0 
-0.852151 0.159947 0 
-0.876254 0.142219 0 
-0.17958 1.11704 0 
-0.598057 0.603977 0 
-0.440601 0.976435 0 
-0.476917 0.946233 0 
-0.866444 0.136023 0 
-0.86045 0.129019 0 
-0.78513 0.0811623 0 
-0.552505 -0.0940195 0 
-0.885748 0.151778 0 
-0.939333 0.823189 0 
-0.841452 0.180987 0 
-0.872879 0.472465 0 
-0.813516 0.132 0 
-0.499417 -0.0960435 0 
-0.484088 -0.142054 0 
-0.662808 0.86542 0 
-0.548507 -0.139465 0 
-0.503625 -0.0902085 0 
-0.88266 0.147956 0 
-0.541436 -0.180549 0 
-0.837715 0.139827 0 
-0.880346 0.140025 0 
-0.876093 0.170299 0 
-0.8546 0.165663 0 
-0.821754 0.165119 0 
-0.86261 0.845065 0 
-0.882032 0.143774 0 
-0.526733 -0.12419 0 
-0.85091 0.159728 0 
-0.845333 0.14034 0 
-0.866525 0.159908 0 
-0.895119 0.807695 0 
-0.575954 0.540785 0 
-0.878948 0.153046 0 
-0.860196 0.184981 0 
-0.856663 0.186553 0 
-0.874254 0.157768 0 
-0.295276 1.0558 0 
-0.0774498 1.10742 0 
-0.13971 1.07881 0 
-0.0264106 1.10369 0 
0.0962023 1.11473 0 
-0.147287 1.0822 0 
-0.557363 -0.0611776 0 
-0.984403 0.546256 0 
-0.894116 0.773008 0 
-0.511068 0.957711 0 
-0.453148 0.960542 0 
-0.490888 -0.0816156 0 
-0.478918 -0.113112 0 
-0.125456 1.09575 0 
0.60345 1.34504 0 
0.290013 1.26779 0 
0.664331 1.42397 0 
-0.583975 0.995694 0 
-0.323407 1.00386 0 
-0.176356 0.332221 0 
-0.523736 -0.160853 0 
-0.650828 0.922818 0 
-0.493849 0.56063 0 
-0.578038 -0.108394 0 
-0.862625 0.129383 0 
-0.511602 -0.146504 0 
-0.224581 0.320329 0 
-0.139442 0.277423 0 
-0.51027 0.954867 0 
-0.564949 0.902469 0 
-0.32027 1.0176 0 
-0.541112 0.956967 0 
-0.582323 1.22685 0 
-0.665003 0.906657 0 
-0.46057 0.612246 0 
-0.644652 0.522541 0 
-0.751494 0.601886 0 
-0.858845 0.175845 0 
-0.877698 0.160508 0 
-0.865549 0.406509 0 
-0.577527 0.919525 0 
-0.689679 -0.346689 0 
-0.158715 1.07661 0 
-0.315451 1.08902 0 
-0.701037 -0.275348 0 
-0.797386 0.978898 0 
-0.696281 1.05952 0 
0.129757 1.19264 0 
0.117178 1.18917 0 
-0.183295 1.07069 0 
-0.3783 0.986688 0 
-0.341215 0.98764 0 
-0.347006 0.99348 0 
-0.55161 -0.122387 0 
-0.518847 0.55953 0 
0.0608964 1.17881 0 
-0.294203 1.03232 0 
-0.665382 0.888169 0 
-0.539053 -0.0942957 0 
-0.552638 0.95296 0 
-0.766451 0.866777 0 
-0.817303 0.774136 0 
-0.447134 0.962752 0 
-0.538422 0.954215 0 
-0.822363 0.764397 0 
-0.723996 -0.224517 0 
-0.880023 0.154681 0 
-0.557997 -0.124124 0 
-0.564611 -0.0852571 0 
-0.824915 0.156198 0 
-0.601402 0.92445 0 
-0.869429 0.181737 0 
-0.814741 0.134619 0 
-0.521614 0.925174 0 
-0.696416 -0.261299 0 
-0.870005 0.136659 0 
-0.861947 1.50082 0 
0.472724 1.29808 0 
-0.303179 1.01217 0 
-0.309105 0.834891 0 
-0.747124 0.589397 0 
-0.548531 -0.105544 0 
-0.841548 0.169668 0 
-0.134363 0.444832 0 
-0.238077 0.773352 0 
-0.564128 -0.114138 0 
1.74071 0.33794 0 
-0.842251 0.151577 0 
1.70704 0.566327 0 
-0.356506 1.00516 0 
-0.468701 0.962324 0 
-0.486657 0.934578 0 
-0.0182837 1.1032 0 
-0.334017 1.02734 0 
-0.103802 1.10032 0 
-0.318709 1.03473 0 
-0.462937 0.570409 0 
-0.0751896 1.11365 0 
1.83674 0.632471 0 
-0.430935 0.979687 0 
-0.450462 0.977811 0 
-0.309052 1.02827 0 
-0.254301 1.04847 0 
-0.547409 0.935667 0 
-0.370694 1.01589 0 
-0.752132 0.596465 0 
-0.566363 0.980515 0 
-0.173938 1.07494 0 
-0.307095 1.00924 0 
-0.452157 0.582672 0 
-0.574786 -0.123989 0 
-0.772934 0.502638 0 
-0.605439 0.565447 0 
-0.679027 -0.384776 0 
-0.0682122 1.08311 0 
-0.106717 1.07714 0 
-0.284314 0.989108 0 
-0.465217 0.96797 0 
-0.684142 1.11576 0 
-0.441743 0.469068 0 
-0.703317 1.08547 0 
0.228036 1.22042 0 
0.597315 1.32564 0 
0.600063 1.31054 0 
0.661556 1.41767 0 
-0.0352267 1.13692 0 
-0.823489 1.03427 0 
0.153493 0.943551 0 
-0.513613 -0.142975 0 
-0.237751 0.627556 0 
-0.538306 -0.142563 0 
-0.533948 -0.0795238 0 
0.62097 1.39021 0 
-0.357886 -0.358877 0 
-0.493849 -0.0845215 0 
0.0548953 1.17874 0 
-0.447049 0.586933 0 
-0.56982 -0.109008 0 
-0.524767 -0.125531 0 
-0.558329 -0.0607669 0 
-0.560691 -0.153438 0 
0.896135 1.85228 0 
0.0798328 1.46547 0 
-0.517881 -0.074523 0 
-0.478368 -0.11948 0 
-0.541551 0.906537 0 
-0.575313 0.941665 0 
1.84592 0.610688 0 
1.65279 0.305708 0 
-0.562233 -0.154679 0 
1.36766 -0.521955 0 
-0.62325 0.699705 0 
2.03309 0.586652 0 
-0.532017 -0.11571 0 
-0.129148 0.272731 0 
0.83853 0.128531 0 
-0.526082 -0.0929093 0 
-0.567423 -0.101435 0 
-0.525272 -0.161514 0 
-0.443555 0.590874 0 
-0.375889 -0.260927 0 
-0.516427 -0.0726672 0 
-0.766284 0.666429 0 
-0.657314 0.546961 0 
-0.564422 -0.0943611 0 
1.74945 0.588203 0 
-0.179459 0.360846 0 
-0.524043 -0.151216 0 
1.54721 -0.356166 0 
2.16902 -0.705955 0 
1.64255 0.430779 0 
-0.534309 -0.0755144 0 
-0.453371 0.58185 0 
0.348186 -0.182746 0 
-0.158123 0.447551 0 
1.80993 0.604274 0 
0.81513 -0.174977 0 
-0.524113 -0.0712138 0 
2.04147 0.593364 0 
2.53001 0.136878 0 
2.01581 0.59161 0 
1.83077 0.632377 0 
-0.0445187 0.257361 0 
2.5367 0.139603 0 
2.05041 0.582102 0 
2.54171 0.110506 0 
5.43958 2.43533 0 
1.40671 -0.350414 0 
2.61408 0.356464 0 
1.70746 0.567257 0 
2.07754 0.590734 0 
-0.131591 0.304578 0 
2.14788 -0.725746 0 
2.02472 0.342988 0 
1.6626 0.36901 0 
2.07748 0.485565 0 
1.8473 0.610192 0 
1.69675 0.550714 0 
2.36615 -0.212374 0 
0.965908 2.05342 0 
1.29804 2.23282 0 
0.92682 1.92888 0 
1.17466 2.01916 0 
0.5726 1.72948 0 
0.210008 1.47768 0 
0.242517 1.51086 0 
0.537626 1.38802 0 
2.51629 0.0505988 0 
1.0821 1.63372 0 
0.384581 1.52061 0 
2.67712 0.0693385 0 
0.977899 1.96509 0 
0.564535 1.70407 0 
0.124213 1.42661 0 
0.0760295 1.2188 0 
2.50573 -0.413816 0 
1.65812 0.324113 0 
0.44474 1.51474 0 
1.94808 0.626285 0 
0.36701 1.53037 0 
-0.0304646 1.37668 0 
0.0354553 1.13899 0 
-0.0202028 1.30753 0 
0.447354 0.722202 0 
1.33466 0.874599 0 
2.62141 0.341519 0 
2.68969 0.0808155 0
1.61572 0.5973215 0 
1.51572 0.5973215 0 
1.41572 0.5973215 0 
1.31572 0.5973215 0 
1.21572 0.5973215 0 
1.11572 0.5973215 0 
1.01572 0.5973215 0 
0.91572 0.5973215 0
0.81572 0.5973215 0
0.71572 0.5973215 0
0.61572 0.5973215 0
0.51572 0.5973215 0
0.41572 0.5973215 0
0.31572 0.5973215 0
0.21572 0.5973215 0
0.11572 0.5973215 0
0.01572 0.5973215 0
2.38565 0.5933215 0
2.433565 0.5933215 0
2.58565 0.5933215 0
2.68565 0.5933215 0
2.71565 0.2583215 0
2.71565 0.2183215 0
2.71565 0.1983215 0
2.71565 0.1683215 0
2.71565 0.1383215 0
2.71565 0.1083215 0
2.71565 0.0783215 0
2.71565 0.0383215 0
2.71565 -0.1083215 0
2.71565 -0.2083215 0
2.71565 -0.3083215 0
2.71565 -0.2783215 0
2.71565 -0.1483215 0
2.71565 -0.1883215 0
2.71565 -0.2483215 0